beta_f4_alt0 = -1.021220537194859
asc_0 = 0.21355847493507404
mu_0 = 1.0901482485813503
beta_f5_alt1 = -1.0013322781420864
asc_1 = 0.3168985743174579
mu_1 = 1.1365675341131358
beta_f6_alt2 = -1.0188142266503413
asc_2 = 0.2824776830743127
mu_2 = 0.8410270393345168
beta_f7_alt3 = -0.9498048996360116
